408
1055
1088
1077
1079
32
1089
1077
1083
1086
1090
1086
32
1090
1080
32
1084
1080
1085
1072
32
1089
1090
1088
1072
1085
1085
1080
1082
32
1080
32
1090
1080
32
1082
1072
1079
1072
44
32
1095
1077
32
1074
32
1077
1076
1085
1086
32
1076
1072
1083
1077
1095
1085
1086
32
13
10
1079
1072
1087
1091
1089
1090
1103
1083
1086
32
1075
1088
1086
1073
1080
1097
1077
32
1077
32
1089
1082
1088
1080
1090
1086
32
1089
1098
1082
1088
1086
1074
1080
1097
1077
1090
1086
32
1085
1072
32
1050
1088
1072
1083
1103
32
1085
1072
32
1079
1086
1084
1073
1080
1090
1072
1090
1072
46
13
10
1047
1072
32
1076
1072
32
1089
1077
32
1076
1074
1080
1078
1080
1096
32
1085
1072
1090
1072
1084
44
32
1082
1098
1076
1077
1090
1086
32
1089
1086
1095
1080
32
1082
1091
1088
1089
1086
1088
1098
1090
44
32
1085
1072
1090
1080
1089
1085
1080
32
1076
1077
1089
1077
1085
32
1073
1091
1090
1086
1085
46
13
10
1057
1090
1088
1077
1083
1103
1081
32
1089
32
1083
1103
1074
32
1073
1091
1090
1086
1085
46
32
1050
1086
1075
1072
1090
1086
32
1089
1098
1073
1077
1088
1077
1096
32
1074
1089
1080
1095
1082
1080
32
56
32
1087
1072
1088
1095
1077
1090
1072
32
1086
1090
32
1082
1072
1088
1090
1072
1090
1072
44
32
13
10
1097
1077
32
1085
1072
1084
1077
1088
1080
1096
32
1089
1098
1082
1088
1086
1074
1080
1097
1077
1090
1086
46
32
1053
1072
32
1087
1086
1083
1077
1090
1086
32
1080
1084
1072
32
1084
1072
1083
1082
1080
32
1089
1072
1085
1076
1098
1095
1077
1090
1072
32
1089
32
1073
1086
1085
1091
1089
1080
44
13
10
1072
32
1082
1072
1090
1086
32
1091
1073
1080
1077
1096
32
1079
1086
1084
1073
1080
32
1089
1098
1097
1086
32
1084
1086
1078
1077
1096
32
1076
1072
32
1087
1086
1083
1091
1095
1080
1096
32
1094
1077
1085
1085
1086
1089
1090
1080
46
32
1042
1085
1080
1084
1072
1074
1072
1081
13
10
1085
1103
1082
1086
1080
32
1079
1086
1084
1073
1080
1090
1072
32
1089
1090
1088
1077
1083
1103
1090
32
33
13
10
0
