0
1
0
834.423
457.273
934.423
552.273
1
6
5
7
5
8
5
9
6
7
6
8
6
9
0
1
128.941
58.1111
160.941
90.1111
1
832.865
60.1712
864.865
92.1712
5
150.071
515.885
210.071
574.885
683.032
251.704
743.032
310.704
334.126
679.175
394.126
738.175
384.906
427.881
444.906
486.881
395.763
100.049
455.763
159.049
7
2
836.418
128.838
1
175.395
599.222
0
213.823
286.462
2
88.0445
636.184
0
170.917
298.869
0
607.014
601.294
2
486.445
686.319
4
490.062
425.234
1
1044
1072
1085
1080
1077
1083
1095
1086
0
65278
65278
65278
65278
65278
65278
65278
1
180.865
102.923
200
20
1
5
0
848.299
178.516
848.865
76.1712
1
7
90
0
900.919
498.056
914.919
50
1
6
90
3
900.536
641.649
924.536
50
1
9
110
0
462.772
614.339
476.772
50
1
6
90
2
286.263
130.049
220.865
142.923
1
10
17
